                          Results: Logit
==================================================================
Model:              Logit            Pseudo R-squared: 0.520      
Dependent Variable: y                AIC:              1143.0016  
Date:               2018-10-12 00:21 BIC:              1261.9893  
No. Observations:   1650             Log-Likelihood:   -549.50    
Df Model:           21               LL-Null:          -1143.7    
Df Residuals:       1628             LLR p-value:      1.8152e-238
Converged:          1.0000           Scale:            1.0000     
No. Iterations:     7.0000                                        
---------------------------------------------------------------------
        Coef.     Std.Err.       z       P>|z|      [0.025     0.975]
---------------------------------------------------------------------
x1     -0.2472      0.0890    -2.7780    0.0055    -0.4217    -0.0728
x2      0.1753      0.2083     0.8416    0.4000    -0.2330     0.5836
x3      0.3012      0.0948     3.1758    0.0015     0.1153     0.4871
x4     -0.2065      0.1027    -2.0114    0.0443    -0.4077    -0.0053
x5      0.2815      0.0746     3.7724    0.0002     0.1352     0.4277
x6     -0.9328      0.1063    -8.7719    0.0000    -1.1412    -0.7243
x7      0.4822      0.0955     5.0510    0.0000     0.2951     0.6692
x8      0.0834      0.0880     0.9479    0.3432    -0.0891     0.2560
x9      0.1243      0.2037     0.6100    0.5419    -0.2750     0.5235
x10     0.6185      0.1106     5.5911    0.0000     0.4017     0.8354
x11     0.1564      0.0892     1.7535    0.0795    -0.0184     0.3313
x12    -0.2288      0.0860    -2.6600    0.0078    -0.3975    -0.0602
x13    -0.2573      0.0963    -2.6729    0.0075    -0.4460    -0.0686
x14     0.4637      0.1005     4.6162    0.0000     0.2668     0.6606
x15     1.4938      0.1337    11.1747    0.0000     1.2318     1.7558
x16    -0.0935      0.0864    -1.0828    0.2789    -0.2628     0.0758
x17     1.3162      0.1391     9.4632    0.0000     1.0436     1.5888
x18    -0.2531      0.0821    -3.0829    0.0020    -0.4140    -0.0922
x19     0.1310      0.0843     1.5541    0.1202    -0.0342     0.2963
x20     0.1035      0.0831     1.2447    0.2132    -0.0595     0.2664
x21     0.1625      0.0865     1.8790    0.0602    -0.0070     0.3320
x22     0.0983      0.0808     1.2171    0.2236    -0.0600     0.2567
==================================================================

