                          Results: Logit
==================================================================
Model:              Logit            Pseudo R-squared: 0.522      
Dependent Variable: y                AIC:              1136.4190  
Date:               2018-10-12 08:50 BIC:              1255.4066  
No. Observations:   1650             Log-Likelihood:   -546.21    
Df Model:           21               LL-Null:          -1143.7    
Df Residuals:       1628             LLR p-value:      7.1933e-240
Converged:          1.0000           Scale:            1.0000     
No. Iterations:     7.0000                                        
---------------------------------------------------------------------
        Coef.     Std.Err.       z       P>|z|      [0.025     0.975]
---------------------------------------------------------------------
x1     -0.3941      0.0903    -4.3643    0.0000    -0.5711    -0.2171
x2      0.3891      0.1126     3.4562    0.0005     0.1684     0.6098
x3     -0.1380      0.1001    -1.3791    0.1679    -0.3341     0.0581
x4      0.2888      0.0744     3.8821    0.0001     0.1430     0.4346
x5     -0.8433      0.1073    -7.8604    0.0000    -1.0536    -0.6330
x6      0.6747      0.0997     6.7651    0.0000     0.4792     0.8702
x7      0.1322      0.1012     1.3070    0.1912    -0.0661     0.3306
x8      0.7621      0.1104     6.9055    0.0000     0.5458     0.9784
x9      0.0699      0.0999     0.6997    0.4841    -0.1260     0.2658
x10    -0.1048      0.0978    -1.0715    0.2839    -0.2965     0.0869
x11    -0.1059      0.0836    -1.2676    0.2050    -0.2697     0.0579
x12    -0.2303      0.0993    -2.3187    0.0204    -0.4249    -0.0356
x13     0.4765      0.1033     4.6142    0.0000     0.2741     0.6789
x14     1.4637      0.1366    10.7125    0.0000     1.1959     1.7315
x15     0.0477      0.0891     0.5355    0.5923    -0.1269     0.2222
x16     0.1725      0.0917     1.8821    0.0598    -0.0071     0.3522
x17    -0.1421      0.1011    -1.4051    0.1600    -0.3403     0.0561
x18     1.2793      0.1362     9.3926    0.0000     1.0124     1.5463
x19     0.0792      0.0798     0.9925    0.3210    -0.0773     0.2357
x20     0.1704      0.0816     2.0876    0.0368     0.0104     0.3305
x21     0.2305      0.0855     2.6959    0.0070     0.0629     0.3981
x22     0.2067      0.0841     2.4589    0.0139     0.0419     0.3714
==================================================================

