                          Results: Logit
==================================================================
Model:              Logit            Pseudo R-squared: 0.506      
Dependent Variable: y                AIC:              1173.0366  
Date:               2018-10-11 22:02 BIC:              1292.0242  
No. Observations:   1650             Log-Likelihood:   -564.52    
Df Model:           21               LL-Null:          -1143.7    
Df Residuals:       1628             LLR p-value:      4.7880e-232
Converged:          1.0000           Scale:            1.0000     
No. Iterations:     7.0000                                        
---------------------------------------------------------------------
        Coef.     Std.Err.       z       P>|z|      [0.025     0.975]
---------------------------------------------------------------------
x1     -0.2678      0.0916    -2.9246    0.0034    -0.4472    -0.0883
x2      0.1439      0.2240     0.6424    0.5206    -0.2951     0.5829
x3      0.1427      0.0924     1.5443    0.1225    -0.0384     0.3239
x4     -0.1583      0.1055    -1.5002    0.1336    -0.3651     0.0485
x5      0.3151      0.0751     4.1971    0.0000     0.1680     0.4623
x6     -0.9015      0.1066    -8.4547    0.0000    -1.1105    -0.6925
x7      0.5577      0.0959     5.8172    0.0000     0.3698     0.7457
x8      0.0784      0.0910     0.8615    0.3890    -0.1000     0.2568
x9      0.1498      0.2235     0.6704    0.5026    -0.2882     0.5878
x10     0.7189      0.1252     5.7423    0.0000     0.4736     0.9643
x11    -0.1558      0.0838    -1.8593    0.0630    -0.3199     0.0084
x12    -0.2476      0.0978    -2.5314    0.0114    -0.4394    -0.0559
x13     0.4277      0.0987     4.3313    0.0000     0.2342     0.6212
x14     1.2913      0.1313     9.8323    0.0000     1.0339     1.5487
x15     0.1095      0.0885     1.2377    0.2158    -0.0639     0.2829
x16    -0.1195      0.0911    -1.3117    0.1896    -0.2980     0.0590
x17     1.4687      0.1444    10.1709    0.0000     1.1857     1.7517
x18    -0.1105      0.0795    -1.3891    0.1648    -0.2664     0.0454
x19     0.1725      0.0841     2.0515    0.0402     0.0077     0.3373
x20     0.0969      0.0817     1.1862    0.2355    -0.0632     0.2571
x21     0.0917      0.0837     1.0955    0.2733    -0.0724     0.2559
x22     0.1664      0.0834     1.9952    0.0460     0.0029     0.3299
==================================================================

